.Random.seed <-
c(403L, 10L, -1999525806L, 1385124301L, 1941287815L, 2008880750L, 
1929188936L, 35057739L, -609969751L, 1830163704L, 1602379814L, 
-612585151L, -369013037L, 606467714L, 842169524L, -33143753L, 
1107699501L, 2010326084L, -47871638L, -1919572523L, 275743599L, 
976263798L, -1564549728L, 1229277795L, -990356735L, 1734513264L, 
454086158L, 783386233L, 2030416395L, -1163384006L, 1500926524L, 
1229918591L, 2127149781L, -1526785300L, -863163326L, -1090567267L, 
-167519721L, -991060098L, 957099320L, -267892197L, 1769640825L, 
2056725960L, -510993930L, 1225935921L, -674197917L, 479662642L, 
102408068L, -1992659513L, 605398173L, -1564105708L, 1588658874L, 
-1937751291L, -2113636129L, -1422220954L, -1152260880L, -251236333L, 
1846326705L, 706695264L, 688193022L, 1980950921L, 299695803L, 
758708874L, 1449944428L, -513899793L, -1359962843L, 1793428444L, 
-781301326L, -1206638419L, -1158326169L, -449728626L, -1711441816L, 
770024555L, 780119561L, 1491218584L, -1767924794L, 1820888865L, 
-360342605L, -1676537054L, 595600660L, 1904993687L, -1562575475L, 
207035556L, -1174569334L, -1262963467L, -1594422449L, -894438314L, 
-30148864L, -1682435517L, 1944365537L, 1758965072L, -1760803922L, 
-1709383335L, 1987116907L, -1954599206L, 2027757468L, 538248095L, 
795093493L, 116771980L, -893905566L, 161818941L, 880640439L, 
-1053399458L, -1655836776L, 1281990395L, -255600999L, 2071412520L, 
24737238L, -809108911L, 1113698563L, 141978770L, -662019548L, 
1866751207L, 1794576701L, -614152780L, 2028927514L, 391528805L, 
-1924804609L, -1065867642L, 605429264L, 454976691L, -1419813039L, 
-6286592L, 2008820190L, -261885399L, -453664293L, 535121642L, 
618773644L, -248732721L, -1635804283L, -1544939460L, 1036507410L, 
1843727885L, -945881785L, -244754642L, -297227640L, 938302347L, 
511589225L, 626668856L, 1536907238L, 870428545L, -844413165L, 
394973378L, 796388212L, 689592183L, 262336621L, -834253052L, 
-173158870L, 1153016725L, -1921800145L, -1497718474L, 615612768L, 
1406967715L, -1568495423L, -954459984L, 64448462L, 1522776889L, 
327684939L, 1781205242L, -1658105348L, -1930448321L, 1881741077L, 
-670702548L, 2012617986L, -1783433763L, -1133853481L, 1872965566L, 
-703477256L, 1000533467L, -1430535111L, -330979960L, -1753108170L, 
879364977L, 575695267L, -367291150L, 907151428L, -809358585L, 
109685469L, 25310164L, 1280504570L, -560028091L, -702808417L, 
-1644887002L, -961482576L, 275867987L, 1543566449L, -145741408L, 
1470358846L, 763208777L, 1511338235L, -271714102L, 1962761772L, 
-1882840529L, -154002715L, -215105636L, 1737726450L, 490714221L, 
819140007L, -1926840370L, -157426392L, 220446507L, -1369070263L, 
1462094424L, 1624703750L, 1379544801L, -74880397L, 1786073826L, 
1377799764L, 1333073751L, 317188941L, -1223221532L, -989602102L, 
1289789237L, -1826286193L, -1679682922L, 1601153600L, -833488125L, 
257755937L, -1676940272L, -1029415954L, 166677401L, -1102244821L, 
-1427205862L, -94657572L, -314440225L, 616788405L, 1269800780L, 
-1788791390L, 2133333245L, 1506834935L, -1731346644L, -1599482636L, 
1360129426L, -623984288L, 1331212L, -121833248L, -561740190L, 
-398499672L, 488067148L, 388179836L, -1062769358L, -2020381072L, 
676300612L, 1066605528L, 684238714L, -1427921872L, -788092996L, 
1157515860L, 447096898L, -1352370528L, -1877642564L, -1439277104L, 
-986832542L, -1456461080L, 383454412L, -798361092L, 891130354L, 
780265600L, 1937595892L, -633902456L, 520455994L, 274075984L, 
-253251476L, 1082955156L, -18652078L, 503575008L, 241623244L, 
1945152160L, 2140367234L, -712495896L, -553930004L, -347608772L, 
-1901583246L, -1244942736L, 43320868L, 458881080L, 517621018L, 
868180176L, 1494670652L, 314916756L, -1694535806L, 715947968L, 
-878328260L, 337574288L, 189305890L, -574506744L, 351229068L, 
-640081124L, 332777618L, -75941504L, 2061859860L, 31084328L, 
-637372870L, -1804017200L, -1197592212L, 1703843764L, -1719701998L, 
1289720800L, -1282910772L, -735578912L, 1582415906L, -551819480L, 
-429890036L, -819248324L, -940649486L, 483363568L, 139799108L, 
-768145832L, -546166982L, -1249328144L, -1790667076L, 74429716L, 
-1247244094L, 1202060384L, -599221892L, 1298098128L, 1186384162L, 
-210010456L, -824202356L, 445172924L, 634429234L, 1859990080L, 
325969076L, -1916824504L, 1740183994L, -618672624L, -1805534996L, 
-16537260L, 64046866L, 2049484192L, -1078359348L, -1722857888L, 
-193286206L, -814398680L, 731225516L, 422777148L, 1466453874L, 
-2010930896L, -1808777436L, -1296460488L, 37780186L, 1429165968L, 
342602492L, -99876972L, -985204670L, 1431678208L, 2101054524L, 
-1912562352L, -1282250590L, 1720223560L, 1468815116L, 359889628L, 
-1231289518L, -124984704L, 1510934612L, 1359600616L, -1146579206L, 
2089216336L, 177595180L, -2132379788L, -1748331630L, 611546720L, 
-1013129332L, -1661795488L, 1881745378L, -655528024L, 226458828L, 
-50811396L, -1991537742L, -1853134352L, 920414660L, -155684520L, 
412575098L, 1960800688L, -1684287556L, -581373868L, -209566782L, 
588506144L, 944180412L, -827594160L, -33419294L, 1555117672L, 
645532236L, -466009860L, 1182330866L, -1196720896L, -1367009420L, 
1464623112L, 168138170L, 469491152L, 1383072748L, 912039828L, 
-1024988206L, -2015529120L, -670001844L, -2027274976L, -2039966846L, 
220310248L, -1559202580L, -389858756L, 355195762L, 1541466736L, 
1292273700L, 1283798840L, 1291648154L, -1290521904L, 1655365820L, 
1078732436L, -1741928830L, 1810455744L, -311258820L, -2108563312L, 
792222242L, 1036539400L, 55922956L, -1332493668L, 1641504274L, 
536407424L, 967241236L, 475555368L, -319056582L, 1968211920L, 
1446167148L, -1890818252L, 1773146770L, 921794912L, -1963278004L, 
-481435680L, -878735454L, -968869976L, 964082572L, -1101310276L, 
-688923790L, -1337710352L, 1568593988L, -1910694568L, 2066039866L, 
1834558320L, -2064341956L, -896935148L, -1664775742L, 972075232L, 
1712498556L, 1733488336L, 2057062050L, 1866392616L, -1407448820L, 
-933878852L, -651891406L, 1501405120L, -13020620L, 1009175496L, 
618218682L, -1944424560L, -324090388L, -316293036L, 607227538L, 
1059926802L, -950509344L, -18913975L, -1084663941L, -100568500L, 
-914555942L, 1571467727L, -988633191L, -1008132178L, 1037903036L, 
251010349L, -2047160617L, -1658710240L, 1878204542L, -1971509685L, 
-1994703795L, 1313038970L, 1961679544L, -1031237535L, -847056365L, 
622172212L, -1549265342L, 1529463383L, -1421626975L, -9653658L, 
-614862236L, -574807659L, 583768767L, -1143193000L, -1475692938L, 
-1160910205L, 524545733L, 465714146L, 889304656L, 393298809L, 
1131702443L, -1816674276L, 224923466L, -536320193L, -690693751L, 
1488218526L, -1290706868L, 2081827357L, -1300396121L, -1924408624L, 
34057326L, -1460333797L, 1127533693L, -1537908118L, 2108412680L, 
159693745L, 903359523L, 2128725284L, 1179279826L, -1006935513L, 
-1582633871L, -1490783562L, -570958252L, -216530203L, -1098940689L, 
-50652632L, 617442950L, 48433331L, -495714795L, 1457320050L, 
1705770176L, 799551785L, 700032923L, 2105385068L, -1007659910L, 
-1405870673L, -1650729799L, 1076872910L, -654466020L, 957732749L, 
238797303L, -1322519296L, -1607810210L, 1873052715L, -735241427L, 
987940762L, 152147288L, 961517761L, 831735667L, 1764158612L, 
114841890L, -2016425929L, -106538751L, 1108495366L, 289606212L, 
-291978379L, 944015071L, -1853496776L, -1086838250L, -1492279773L, 
-1160603163L, 464709634L, -1482349968L, -1488205799L, 1091027467L, 
1381337340L, -228084438L, 975014751L, -1940464919L, -561200642L, 
114822636L, -756261571L, -1420581625L, 404333808L, -1217193842L, 
-514624837L, 2088520349L, -1602752950L, -1406675864L, 936987729L, 
44832579L, -1082019260L, -1008557838L, 846482631L, 266180241L, 
-1302026218L, 637604468L, 1157817605L, -337880241L, -907741880L, 
28469478L, 1137982995L, 1005470069L, -1260333742L, -988088928L, 
1852810377L, 1726760123L, 998225676L, -1597268326L, -1636326385L, 
-1153540007L, -1548497682L, -1610119300L, 1203680237L, -1879163753L, 
-2124003488L, -483860674L, -1920794613L, 188745869L, 126505402L, 
-700579848L, 2079308705L, 2023404883L, -1228690316L, -2034598398L, 
